2160
26 2777.18831196704
27 2771.9422744036
28 2542.90491689641
29 2773.00567985315
30 2710.23079757019
31 2618.50680433121
32 2861.68994548393
33 2701.41411972331
34 2736.80658393391
35 2880.69925027576
36 2832.20779450921
37 2623.83161060919
38 2619.13778889609
39 2684.76923390936
40 2627.61459152327
41 2627.4260051297
42 2715.77523382848
43 2662.9661474316
44 2652.20629654868
45 2532.8070472778
46 2512.54912844932
47 2722.75178065134
48 2811.19472411064
49 2565.71838610154
50 2544.46149138471