2160
51 2758.86951612369
52 2488.66235255429
53 2891.43886773015
54 2553.22925229563
55 2522.33768963149
56 2782.420295209
57 2523.47085172413
58 2579.7981609402
59 2860.45675660055
60 2757.58577963285
61 2638.18941943502
62 2572.92931035026
63 2555.83802919773
64 2776.21628907609
65 2472.69452061645
66 2755.10156227449
67 2486.44293060309
68 2625.16640481034
69 2850.69997364694
70 2494.76853370427
71 2651.59636751671
72 2747.34580924245
73 2786.26696004712
74 2532.51012434591
75 2605.60989545117