2160
76 2793.92616481107
77 2815.25253775642
78 2808.17388539229
79 2808.87975876583
80 2630.56072605064
81 2793.12853110481
82 2625.65582670727
83 2648.59373360467
84 2617.79144727107
85 2569.95932195645
86 2766.57964582612
87 2875.27705897446
88 2623.49966149861
89 2965.6705678365
90 2710.42732624225
91 2709.84382234021
92 2808.23719872921
93 2680.61906562433
94 2672.58892027925
95 3000.01367920234
96 2564.75459139375
97 3012.56553615445
98 2587.2809733286
99 2778.99971872865
100 2806.86333650874
