2160
1 2547.84089098905
2 2942.43784095281
3 2661.4887816081
4 2413.2419696111
5 2794.25621554965
6 2590.77103481053
7 2702.96276921578
8 2758.14571771845
9 2640.59916385092
10 2880.06961390697
11 2572.52685036506
12 2978.99303088549
13 2682.81809630326
14 2771.99759095249
15 2608.55655267429
16 2766.91901641727
17 2756.89014667514
18 2814.17945384607
19 2733.92607452051
20 2809.20821437235
21 2578.09419083495
22 2890.97626365904
23 2825.16866935092
24 2757.45292833226
25 2622.80494757578
26 2777.18831196704
27 2771.9422744036
28 2542.90491689641
29 2773.00567985315
30 2710.23079757019
31 2618.50680433121
32 2861.68994548393
33 2701.41411972331
34 2736.80658393391
35 2880.69925027576
36 2832.20779450921
37 2623.83161060919
38 2619.13778889609
39 2684.76923390936
40 2627.61459152327
41 2627.4260051297
42 2715.77523382848
43 2662.9661474316
44 2652.20629654868
45 2532.8070472778
46 2512.54912844932
47 2722.75178065134
48 2811.19472411064
49 2565.71838610154
50 2544.46149138471