2160
1 2547.84089098905
2 2942.43784095281
3 2661.4887816081
4 2413.2419696111
5 2794.25621554965
6 2590.77103481053
7 2702.96276921578
8 2758.14571771845
9 2640.59916385092
10 2880.06961390697
11 2572.52685036506
12 2978.99303088549
13 2682.81809630326
14 2771.99759095249
15 2608.55655267429
16 2766.91901641727
17 2756.89014667514
18 2814.17945384607
19 2733.92607452051
20 2809.20821437235
21 2578.09419083495
22 2890.97626365904
23 2825.16866935092
24 2757.45292833226
25 2622.80494757578
26 2777.18831196704
27 2771.9422744036
28 2542.90491689641
29 2773.00567985315
30 2710.23079757019
31 2618.50680433121
32 2861.68994548393
33 2701.41411972331
34 2736.80658393391
35 2880.69925027576
36 2832.20779450921
37 2623.83161060919
38 2619.13778889609
39 2684.76923390936
40 2627.61459152327
41 2627.4260051297
42 2715.77523382848
43 2662.9661474316
44 2652.20629654868
45 2532.8070472778
46 2512.54912844932
47 2722.75178065134
48 2811.19472411064
49 2565.71838610154
50 2544.46149138471
51 2758.86951612369
52 2488.66235255429
53 2891.43886773015
54 2553.22925229563
55 2522.33768963149
56 2782.420295209
57 2523.47085172413
58 2579.7981609402
59 2860.45675660055
60 2757.58577963285
61 2638.18941943502
62 2572.92931035026
63 2555.83802919773
64 2776.21628907609
65 2472.69452061645
66 2755.10156227449
67 2486.44293060309
68 2625.16640481034
69 2850.69997364694
70 2494.76853370427
71 2651.59636751671
72 2747.34580924245
73 2786.26696004712
74 2532.51012434591
75 2605.60989545117
76 2793.92616481107
77 2815.25253775642
78 2808.17388539229
79 2808.87975876583
80 2630.56072605064
81 2793.12853110481
82 2625.65582670727
83 2648.59373360467
84 2617.79144727107
85 2569.95932195645
86 2766.57964582612
87 2875.27705897446
88 2623.49966149861
89 2965.6705678365
90 2710.42732624225
91 2709.84382234021
92 2808.23719872921
93 2680.61906562433
94 2672.58892027925
95 3000.01367920234
96 2564.75459139375
97 3012.56553615445
98 2587.2809733286
99 2778.99971872865
100 2806.86333650874
